1
3
4
6
7
8
10
13
16
18
21
23
26
28
30
31
32
35
39
40
42
43
44
46
47
48
49
52
56
57
60
61
62
68
70
71
72
77
79
81
82
84
86
87
92
94
95
99
104
106
108
109
110
111
112
117
119
121
132
137
138
144
148
152
154
161
190
198
199
201
207
233
260
276
297
308
311
314
316
328
334
345
354
357
360
365
376
384
395
397
406
408
414
415
422
433
435
436
441
488
492
502
503
519
547
570
583
637
651
657
660
681
692
693
727
738
758
780
827
864
881
895
942
955
977
1046
1050
1095
1098
1136
1162
1195
1198
1220
1247
1256
1258
1265
1319
1333
1334
1336
1425
1499
1521
1544
1564
1592
1603
1634
1668
1685
1698
1750
1756
1764
1787
1789
1831
1847
1848
1899
1907
1919
1953
1976
2009
2098
2110
2128
2165
2199
2222
2381
2388
2399
2420
2435
2436
2448
2473
2498
2583
2632
2638
2737
2750
2762
2775
2911
2912
2913
2942
2987
3001
3030
3050
3101
3149
3152
3216
3231
3250
3346
3351
3398
3407
3429
3451
3468
3561
